eval_loss = 0.35789844393730164
eval_accuracy = 0.6976190209388733
epoch = 7.993835941204362
